0: (118 39 57) (72 11 133)
1: (46 27 97)
2: (132 266 55) (123 82 138) (48 221 120)
3: (56 95 102) (117 52 160)
4: (119 121 118)
5: (75 34 114) (72 86 128)
6: (89 73 131)
7: (85 164 107) (74 85 145)
8: (75 114 124) (73 41 138) (59 56 181)
9: (94 56 164)
10: (40 128 113) (72 74 190)
11: (65 63 179)
12: (55 38 107) (69 22 158) (29 62 122)
13: (18 114 66) (81 133 135) (96 26 112) (45 9 128)
14: (108 12 110) (114 67 98)
15: (129 36 95) (69 118 122) (85 132 165)
16: (66 46 187)
17: (66 38 193)
18: (153 100 128) (88 55 199)
19: (106 25 157) (59 29 195)
20: (46 248 66) (45 97 180)
21: (49 18 135)
22: (97 59 128)
23: (90 141 149)
24: (44 36 161)
25: (56 51 155) (49 13 194)
26: (45 88 146)
27: (62 74 99)
28: (32 46 151)
29: (42 101 111) (51 23 155)
30: (80 24 121)
31: (100 147 79) (76 3 112) (69 40 161)
32: (43 163 57) (110 242 71) (80 58 167)
33: (73 56 131)
34: (109 17 108)
35: (93 215 59) (104 261 82) (88 36 157)
36: (75 44 134)
37: (92 14 121)
38: (43 32 177)
39: (59 68 174) (4 7 173)
40: (23 125 53) (103 144 67) (94 8 137) (86 136 121)
41: (28 88 108) (49 116 154) (23 178 118)
42: (95 260 56) (6 149 64) (89 135 106) (90 22 141)
43: (6 133 57) (58 87 111) (84 220 64) (46 176 104)
44: (81 91 133)
45: (75 30 125)
46: (30 43 124)
47: (25 36 138)
48: (109 18 51) (108 54 72) (23 16 161)
49: (127 172 72) (141 12 67) (26 123 115) (115 135 116) (47 31 181)
50: (73 26 175)
51: (102 87 170) (32 124 198)
52: (75 153 114)
53: (87 12 115) (43 57 176) (88 115 123)
54: (116 104 78) (61 47 166)
55: (142 217 54) (122 12 115) (125 160 109) (124 56 107) (69 81 183)
56: (60 48 160)
57: (35 25 132)
58: (87 59 101)
59: (97 16 132)
60: (39 25 105)
61: (64 122 175)
62: (58 31 164)
63: (57 91 175) (12 63 178)
64: (42 87 125)
65: (60 34 126) (24 96 105) (7 26 178)
66: (62 62 128) (43 7 190)
67: (28 62 175)
68: (20 86 128) (24 54 106) (49 72 129) (102 80 130)
69: (75 56 182)
70: (62 21 120)
71: (75 105 140)
72: (13 194 58) (82 17 112) (94 115 169)
73: (44 67 162)
74: (81 67 177)
75:
76: (90 15 133)
77: (69 35 165)
78: (129 12 55) (87 187 132) (85 17 128)
79: (82 174 134) (83 11 133)
80: (87 188 140) (84 15 132) (33 86 130) (77 99 161)
81: (87 17 149) (54 59 124) (95 145 190)
82: (29 104 60) (140 28 96) (137 286 126)
83: (111 155 126)
84: (30 32 107)
85: (82 13 84) (33 5 114) (35 82 179)
86: (66 32 96) (77 96 175) (119 13 121)
87: (60 188 134) (68 12 135)
88: (100 185 116) (98 30 150)
89: (105 9 110) (110 137 188) (86 22 156)
90: (75 15 102) (76 133 167)
91: (84 12 114) (84 108 141) (10 39 105)
92: (98 253 78) (92 146 119) (42 60 113) (11 68 125) (113 19 113) (72 74 137) (96 9 172)
93: (2 109 55) (83 119 62) (73 20 122) (99 171 116) (19 21 173) (65 94 195)
94: (93 184 113) (52 148 101) (96 39 163) (39 77 121)
95: (100 213 74) (93 32 193)
96: (82 145 125) (88 9 125)
97: (103 150 53) (60 123 104) (95 196 106) (64 13 127)
98: (89 166 105) (103 36 185) (37 23 123) (105 132 180)
99: (40 30 95) (56 98 95) (58 180 118) (64 50 140)
100: (136 206 51) (101 184 85) (86 42 124)
101: (122 193 55) (74 86 70) (81 17 97) (83 146 120) (13 212 104)
102: (88 182 124) (115 7 116) (90 69 130)
103: (56 183 83) (57 14 174)
104: (100 161 153) (14 85 122) (98 19 140) (101 86 141) (41 94 198)
105: (118 221 115) (129 10 133) (56 86 200)
106: (10 153 55) (69 48 58) (93 15 96) (123 37 94) (48 21 115) (112 114 153)
107: (75 143 109) (68 16 136) (17 7 172)
