0: (50 130) (48 27)
1: (7 20) (63 28) (63 145) (60 72) (27 97)
2: (24 56) (30 16)
3: (34 17) (33 70) (31 119)
4: (49 19) (50 120) (74 144) (19 69)
5: (38 45)
6: (64 102) (64 3) (29 43)
7: (63 11) (67 138) (34 92)
8: (21 44) (56 40) (54 69) (43 57)
9: (33 14) (36 74) (28 100) (25 47)
10: (50 12) (49 112) (29 45)
11: (43 6) (45 111)
12: (36 27)
13: (23 84) (61 180) (64 47) (46 51) (124 152)
14: (20 78) (61 92) (10 59)
15: (47 93) (64 114) (63 207) (56 10) (61 160) (107 77) (17 159)
16: (55 82) (42 132) (70 73)
17: (75 117) (41 86) (58 19) (106 42)
18: (64 3) (109 31) (116 272) (103 182) (97 96)
19: (85 14) (96 255) (88 119)
20: (12 30) (27 25)
21: (58 73) (10 39)
22: (61 101)
23: (48 10) (26 78)
24: (52 111) (62 105) (36 90)
25: (37 8)
26: (72 112) (65 37) (76 200) (92 115) (64 80)
27: (49 44) (50 90)
28: (12 67)
29: (56 68)
30: (35 36)
31: (53 40) (38 26)
32: (56 103) (55 8)
33: (30 56)
34: (52 36)
35: (64 102)
36: (110 72) (49 15)
37: (18 80) (72 112) (51 23)
38: (54 49)
39: (19 41)
40: (128 192) (141 64) (91 84) (91 178) (89 31)
41: (28 99) (31 25)
42: (32 10)
43: (32 38) (25 10)
44: (52 11) (60 89)
45: (54 36)
46: (67 44) (86 147) (83 37) (128 64) (49 98) (91 56)
47: (32 7)
48: (40 17)
49: (30 23)
50: (34 23)
51: (34 24)
52: (24 52)
53: (36 43) (40 6) (5 42)
54: (19 24) (37 41) (42 4)
55: (28 38) (36 4)
56: (34 26)
57: (105 20) (59 52)
58: (37 16)
59: (73 216) (100 137) (102 64)
60: (37 34) (48 36) (31 10)
61: (46 18) (12 18)
62: (29 32)
63: (39 49)
64: (28 44) (51 96)
65: (5 61) (44 45)
66: (66 40) (70 140) (105 84)
67: (27 22)
68: (38 58) (65 126) (62 14)
69: (44 36) (30 55)
70: (43 11)
71: (37 78) (45 58)
72: (35 8) (50 70)
73: (50 10)
74: (101 160) (107 30) (114 147) (54 92) (64 92) (50 11) (11 50)
75: (24 33) (54 51)
76: (11 79) (52 73)
77: (50 5) (13 24)
78: (38 25)
79: (45 110) (89 8) (47 47) (33 94) (82 75)
80: (64 62) (63 114)
81: (0 144) (64 134)
82: (30 43) (69 110) (60 40)
83: (37 36)
84: (44 76)
85: (50 89) (54 18)
86: (76 52) (84 179)
87: (65 14) (60 98)
88: (66 99) (78 99) (4 106)
89: (53 26)
90: (66 94) (51 18)
91: (48 74) (39 11)
92: (60 16)
93: (59 85)
94: (12 53) (46 28)
95: (48 74) (32 64) (72 80)
96: (51 21)
97: (66 5) (76 103)
98: (53 11) (55 127) (88 93) (53 74)
99: (29 99) (68 5) (29 2)
100: (78 30) (36 17)
101: (17 18)
102: (32 13)
103: (70 94) (42 53)
104: (47 14) (51 118) (7 18)
105: (11 175) (61 37) (68 140) (22 164) (31 15)
106: (51 37) (52 76)
107: (32 75) (46 29)
108: (122 84) (74 116) (72 5)
109: (43 14) (53 105) (53 30)
110: (51 153) (57 184) (56 89)
111: (31 9) (81 64)
112: (33 34)
113: (44 76) (59 10) (57 101) (55 46)
114: (36 23)
115: (71 68)
116: (51 46)
117: (38 150) (54 168) (66 65) (81 15) (136 46) (83 137) (124 158)
118: (43 93) (40 43) (78 5)
119: (25 14)
120: (6 80) (17 21)
121: (48 36) (15 44) (70 61)
122: (56 17) (63 112)
123: (27 16)
124: (79 46) (28 40) (61 4)
125: (43 41)
126: (33 24) (49 40)
127: (41 34)
128: (34 39)
129: (76 125) (87 165) (106 86)
130: (32 44) (49 53)
131: (90 45) (59 51) (37 79)
132: (86 31) (164 199) (86 137) (159 156) (49 93) (133 35)
133: (35 53)
134: (18 39) (32 22)
135: (30 94) (46 30) (81 59) (44 77)
136: (29 25)
137: (44 56)
138: (43 54)
139: (45 12)
140: (64 10) (28 102) (52 104) (76 82) (1 95)
141: (15 93) (30 25)
142: (18 85) (45 24) (16 38)
143: (53 17) (49 125) (57 69)
144: (35 12)
145: (42 44)
146: (51 86) (70 16)
147: (46 15)
148: (30 95) (35 27)
149: (51 39)
150: (52 12) (57 131) (70 72)
151: (41 25)
152: (40 46)
153: (38 33)
154: (51 37)
155: (56 63)
156:
157: (36 14)
158: (39 22)
159: (83 110) (80 23)
160: (53 26) (39 73) (34 24)
161: (32 85) (41 33)
162: (29 59)
163: (38 41)
164: (50 61) (24 90) (32 25)
165: (22 38) (61 144) (61 34) (61 86) (9 52)
166: (45 35) (14 28)
167: (35 27) (64 99)
168: (10 108) (51 57)
169: (50 39)
